foo(T)=1-0.1799*(T+2+1/T)*Pi/(4*T*log(T))-0.2162*(T+2+1/T)*Pi^3/(4*T*log(T)^3)-0.006945-0.03334/T-0.0005028*Pi/(T^3*log(T))-0.001126*Pi^3/(T^3*log(T)^3)-0.03890*(T+2+1/T)*Pi/(4*T^5*log(T))-0.01351*(T+2+1/T)*Pi^3/(4*T^5*log(T)^3)-2*B*log(T)^2/(Pi^2*T)-log(T)^3/(24*Pi^3*T);
B=0.2730;
