   realprecision = 115 significant digits (100 digits displayed)
New best z near 7.000361532957519641924026179919364937266137904237061483806701353940664581074806943535324238269029637696489514681479 e4 + i 7.15690983 e-2
New best z near 7.008849933326468477828033775422328476021967557868729720215078474619959000369817678484203055986385084151465602422430 e4 + i 7.44067048 e-2
New best z near 7.100992295542318084352037714387233367605260575773259690781025039840660876904410717827711117504428363595311628449506 e4 + i 7.59836206 e-2
z=7.10099230 e4 + i 7.59836206 e-2

N=11 aleph = 1.55861883 e-36 y0=6.39117580 e-2 y1=1.24845737 e-1 alpha=5.33906003 e-3

N=12 aleph = 5.71241512 e-34 y0=6.31012072 e-2 y1=1.24446128 e-1 alpha=5.35317429 e-3

N=13 aleph = 6.46912534 e-34 y0=6.34853572 e-2 y1=1.24645528 e-1 alpha=5.34721768 e-3

