   realprecision = 115 significant digits (100 digits displayed)
New best z near 1.950020041663974901248112275089219820650328723723135734706937122032279449950118456038187471129670832179437386035408 e5 + i 6.97135201 e-2
New best z near 1.950695311245179140613325699638580148025223421460759732925883369881098537476081290021168760582076157553310251910026 e5 + i 7.04538504 e-2
New best z near 1.950996005064333067944523669031083618262926311871694172481621551273474334722249755698460728199371632978246926771300 e5 + i 7.52753277 e-2
z=1.95099601 e5 + i 7.52753277 e-2

N=11 aleph = 3.01442465 e-44 y0=6.22483482 e-2 y1=1.24175853 e-1 alpha=5.44798323 e-3

N=12 aleph = 3.60081542 e-35 y0=6.16711039 e-2 y1=1.23800889 e-1 alpha=5.45825340 e-3

N=13 aleph = 1.60421905 e-34 y0=6.21258807 e-2 y1=1.23859918 e-1 alpha=5.45282466 e-3

