   realprecision = 115 significant digits (100 digits displayed)
New best z near 6.500066796374063276661472573087229849418250282998885252719771426169543562637622094924043970743575225480488285105880 e4 + i 4.66245013 e-2
New best z near 6.500525996452140272935631477073845395204140112318576165705194313966066355513048288628871278284280917993762561413488 e4 + i 7.00753787 e-2
New best z near 6.527798392455245553588873859727530554857768879366015125606837684497106158027815614767895019268190875979476736028420 e4 + i 7.35225261 e-2
z=6.52779839 e4 + i 7.35225261 e-2

N=12 aleph = 1.01587980 e-37 y0=6.08567942 e-2 y1=1.23308395 e-1 alpha=5.48111770 e-3

N=13 aleph = 1.54642566 e-36 y0=6.00139198 e-2 y1=1.23098821 e-1 alpha=5.49254468 e-3

N=14 aleph = 2.21712148 e-36 y0=6.04086771 e-2 y1=1.22931943 e-1 alpha=5.48808623 e-3

